!SWISSto12 MCK epsilon fit data
!name=Asphalt_LPD1421LV_19052022_2
!thickness[mm]=18.000
!freq eps tand
75.000 5.163 1.415e-01 
75.050 5.164 1.416e-01 
75.100 5.164 1.417e-01 
75.150 5.165 1.418e-01 
75.200 5.166 1.418e-01 
75.250 5.166 1.419e-01 
75.300 5.167 1.420e-01 
75.350 5.168 1.421e-01 
75.400 5.168 1.422e-01 
75.450 5.169 1.423e-01 
75.500 5.170 1.423e-01 
75.550 5.170 1.424e-01 
75.600 5.171 1.425e-01 
75.650 5.172 1.426e-01 
75.700 5.172 1.427e-01 
75.750 5.173 1.428e-01 
75.800 5.173 1.428e-01 
75.850 5.174 1.429e-01 
75.900 5.175 1.430e-01 
75.950 5.175 1.431e-01 
76.000 5.176 1.432e-01 
76.050 5.176 1.432e-01 
76.100 5.177 1.433e-01 
76.150 5.177 1.434e-01 
76.200 5.178 1.435e-01 
76.250 5.178 1.436e-01 
76.300 5.179 1.437e-01 
76.350 5.179 1.437e-01 
76.400 5.179 1.438e-01 
76.450 5.180 1.439e-01 
76.500 5.180 1.440e-01 
76.550 5.180 1.441e-01 
76.600 5.181 1.442e-01 
76.650 5.181 1.443e-01 
76.700 5.181 1.444e-01 
76.750 5.182 1.444e-01 
76.800 5.182 1.445e-01 
76.850 5.182 1.446e-01 
76.900 5.183 1.447e-01 
76.950 5.183 1.448e-01 
77.000 5.183 1.449e-01 
77.050 5.183 1.450e-01 
77.100 5.183 1.451e-01 
77.150 5.184 1.452e-01 
77.200 5.184 1.453e-01 
77.250 5.184 1.454e-01 
77.300 5.184 1.454e-01 
77.350 5.184 1.455e-01 
77.400 5.184 1.456e-01 
77.450 5.184 1.457e-01 
77.500 5.184 1.458e-01 
77.550 5.184 1.459e-01 
77.600 5.184 1.459e-01 
77.650 5.185 1.460e-01 
77.700 5.185 1.461e-01 
77.750 5.185 1.461e-01 
77.800 5.185 1.462e-01 
77.850 5.185 1.463e-01 
77.900 5.185 1.463e-01 
77.950 5.185 1.464e-01 
78.000 5.185 1.464e-01 
78.050 5.185 1.465e-01 
78.100 5.185 1.465e-01 
78.150 5.185 1.466e-01 
78.200 5.185 1.466e-01 
78.250 5.185 1.467e-01 
78.300 5.185 1.467e-01 
78.350 5.185 1.467e-01 
78.400 5.185 1.467e-01 
78.450 5.185 1.468e-01 
78.500 5.185 1.468e-01 
78.550 5.185 1.468e-01 
78.600 5.185 1.468e-01 
78.650 5.186 1.468e-01 
78.700 5.186 1.468e-01 
78.750 5.186 1.468e-01 
78.800 5.186 1.468e-01 
78.850 5.186 1.468e-01 
78.900 5.186 1.468e-01 
78.950 5.186 1.468e-01 
79.000 5.186 1.468e-01 
79.050 5.186 1.468e-01 
79.100 5.186 1.468e-01 
79.150 5.187 1.467e-01 
79.200 5.187 1.467e-01 
79.250 5.187 1.467e-01 
79.300 5.187 1.467e-01 
79.350 5.187 1.467e-01 
79.400 5.187 1.466e-01 
79.450 5.187 1.466e-01 
79.500 5.187 1.466e-01 
79.550 5.187 1.465e-01 
79.600 5.187 1.465e-01 
79.650 5.187 1.465e-01 
79.700 5.187 1.465e-01 
79.750 5.187 1.464e-01 
79.800 5.187 1.464e-01 
79.850 5.187 1.464e-01 
79.900 5.186 1.463e-01 
79.950 5.186 1.463e-01 
80.000 5.186 1.463e-01 
80.050 5.186 1.462e-01 
80.100 5.186 1.462e-01 
80.150 5.185 1.462e-01 
80.200 5.185 1.461e-01 
80.250 5.185 1.461e-01 
80.300 5.184 1.461e-01 
80.350 5.184 1.460e-01 
80.400 5.183 1.460e-01 
80.450 5.183 1.460e-01 
80.500 5.183 1.459e-01 
80.550 5.182 1.459e-01 
80.600 5.182 1.458e-01 
80.650 5.181 1.458e-01 
80.700 5.181 1.457e-01 
80.750 5.180 1.457e-01 
80.800 5.180 1.456e-01 
80.850 5.179 1.455e-01 
80.900 5.179 1.455e-01 
80.950 5.178 1.454e-01 
81.000 5.178 1.454e-01 
81.050 5.177 1.453e-01 
81.100 5.177 1.452e-01 
81.150 5.176 1.451e-01 
81.200 5.176 1.450e-01 
81.250 5.175 1.450e-01 
81.300 5.175 1.449e-01 
81.350 5.174 1.448e-01 
81.400 5.174 1.447e-01 
81.450 5.174 1.446e-01 
81.500 5.173 1.445e-01 
81.550 5.173 1.443e-01 
81.600 5.173 1.442e-01 
81.650 5.173 1.441e-01 
81.700 5.172 1.440e-01 
81.750 5.172 1.439e-01 
81.800 5.172 1.437e-01 
81.850 5.172 1.436e-01 
81.900 5.172 1.434e-01 
81.950 5.172 1.433e-01 
82.000 5.172 1.432e-01 
82.050 5.172 1.430e-01 
82.100 5.172 1.428e-01 
82.150 5.173 1.427e-01 
82.200 5.173 1.425e-01 
82.250 5.173 1.424e-01 
82.300 5.173 1.422e-01 
82.350 5.174 1.420e-01 
82.400 5.174 1.418e-01 
82.450 5.174 1.417e-01 
82.500 5.174 1.415e-01 
82.550 5.175 1.413e-01 
82.600 5.175 1.411e-01 
82.650 5.175 1.409e-01 
82.700 5.176 1.407e-01 
82.750 5.176 1.405e-01 
82.800 5.176 1.403e-01 
82.850 5.177 1.401e-01 
82.900 5.177 1.400e-01 
82.950 5.177 1.398e-01 
83.000 5.177 1.396e-01 
83.050 5.178 1.394e-01 
83.100 5.178 1.392e-01 
83.150 5.178 1.389e-01 
83.200 5.178 1.387e-01 
83.250 5.178 1.385e-01 
83.300 5.178 1.383e-01 
83.350 5.178 1.381e-01 
83.400 5.178 1.379e-01 
83.450 5.178 1.377e-01 
83.500 5.178 1.375e-01 
83.550 5.178 1.373e-01 
83.600 5.177 1.371e-01 
83.650 5.177 1.369e-01 
83.700 5.177 1.367e-01 
83.750 5.177 1.365e-01 
83.800 5.176 1.362e-01 
83.850 5.176 1.360e-01 
83.900 5.176 1.358e-01 
83.950 5.175 1.356e-01 
84.000 5.175 1.354e-01 
84.050 5.175 1.352e-01 
84.100 5.174 1.350e-01 
84.150 5.174 1.348e-01 
84.200 5.173 1.345e-01 
84.250 5.173 1.343e-01 
84.300 5.173 1.341e-01 
84.350 5.172 1.339e-01 
84.400 5.172 1.337e-01 
84.450 5.171 1.335e-01 
84.500 5.171 1.333e-01 
84.550 5.171 1.331e-01 
84.600 5.171 1.329e-01 
84.650 5.170 1.327e-01 
84.700 5.170 1.325e-01 
84.750 5.170 1.323e-01 
84.800 5.170 1.321e-01 
84.850 5.169 1.319e-01 
84.900 5.169 1.317e-01 
84.950 5.169 1.315e-01 
85.000 5.169 1.313e-01 
85.050 5.169 1.311e-01 
85.100 5.169 1.309e-01 
85.150 5.170 1.307e-01 
85.200 5.170 1.305e-01 
85.250 5.170 1.303e-01 
85.300 5.170 1.302e-01 
85.350 5.171 1.300e-01 
85.400 5.171 1.298e-01 
85.450 5.172 1.296e-01 
85.500 5.172 1.295e-01 
85.550 5.173 1.293e-01 
85.600 5.173 1.291e-01 
85.650 5.174 1.290e-01 
85.700 5.175 1.288e-01 
85.750 5.175 1.286e-01 
85.800 5.176 1.285e-01 
85.850 5.177 1.283e-01 
85.900 5.178 1.282e-01 
85.950 5.179 1.280e-01 
86.000 5.180 1.279e-01 
86.050 5.180 1.278e-01 
86.100 5.181 1.276e-01 
86.150 5.182 1.275e-01 
86.200 5.183 1.273e-01 
86.250 5.184 1.272e-01 
86.300 5.185 1.271e-01 
86.350 5.186 1.269e-01 
86.400 5.187 1.268e-01 
86.450 5.187 1.267e-01 
86.500 5.188 1.265e-01 
86.550 5.189 1.264e-01 
86.600 5.190 1.263e-01 
86.650 5.190 1.261e-01 
86.700 5.191 1.260e-01 
86.750 5.191 1.259e-01 
86.800 5.192 1.258e-01 
86.850 5.193 1.256e-01 
86.900 5.193 1.255e-01 
86.950 5.193 1.254e-01 
87.000 5.194 1.252e-01 
87.050 5.194 1.251e-01 
87.100 5.195 1.249e-01 
87.150 5.195 1.248e-01 
87.200 5.195 1.247e-01 
87.250 5.195 1.245e-01 
87.300 5.195 1.244e-01 
87.350 5.196 1.242e-01 
87.400 5.196 1.241e-01 
87.450 5.196 1.239e-01 
87.500 5.196 1.238e-01 
87.550 5.196 1.236e-01 
87.600 5.196 1.235e-01 
87.650 5.196 1.233e-01 
87.700 5.196 1.232e-01 
87.750 5.196 1.230e-01 
87.800 5.196 1.229e-01 
87.850 5.196 1.227e-01 
87.900 5.196 1.225e-01 
87.950 5.197 1.224e-01 
88.000 5.197 1.222e-01 
88.050 5.197 1.221e-01 
88.100 5.197 1.219e-01 
88.150 5.197 1.218e-01 
88.200 5.197 1.216e-01 
88.250 5.197 1.215e-01 
88.300 5.198 1.213e-01 
88.350 5.198 1.212e-01 
88.400 5.198 1.210e-01 
88.450 5.199 1.209e-01 
88.500 5.199 1.207e-01 
88.550 5.200 1.206e-01 
88.600 5.200 1.205e-01 
88.650 5.201 1.203e-01 
88.700 5.201 1.202e-01 
88.750 5.202 1.201e-01 
88.800 5.202 1.200e-01 
88.850 5.203 1.199e-01 
88.900 5.204 1.198e-01 
88.950 5.205 1.196e-01 
89.000 5.205 1.195e-01 
89.050 5.206 1.194e-01 
89.100 5.207 1.193e-01 
89.150 5.208 1.193e-01 
89.200 5.209 1.192e-01 
89.250 5.210 1.191e-01 
89.300 5.211 1.190e-01 
89.350 5.212 1.189e-01 
89.400 5.213 1.188e-01 
89.450 5.214 1.188e-01 
89.500 5.215 1.187e-01 
89.550 5.216 1.186e-01 
89.600 5.217 1.186e-01 
89.650 5.218 1.185e-01 
89.700 5.219 1.185e-01 
89.750 5.220 1.184e-01 
89.800 5.220 1.184e-01 
89.850 5.221 1.183e-01 
89.900 5.222 1.183e-01 
89.950 5.223 1.182e-01 
90.000 5.224 1.182e-01 
