!SWISSto12 MCK epsilon fit data
!name=Sample_3D_Radome_Material_No5_19052022_1
!thickness[mm]=3.000
!freq eps tand
75.000 2.513 7.585e-03 
75.050 2.513 7.624e-03 
75.100 2.514 7.666e-03 
75.150 2.514 7.709e-03 
75.200 2.514 7.754e-03 
75.250 2.514 7.801e-03 
75.300 2.514 7.850e-03 
75.350 2.514 7.900e-03 
75.400 2.514 7.953e-03 
75.450 2.514 8.007e-03 
75.500 2.514 8.062e-03 
75.550 2.514 8.120e-03 
75.600 2.515 8.179e-03 
75.650 2.515 8.239e-03 
75.700 2.515 8.300e-03 
75.750 2.515 8.363e-03 
75.800 2.515 8.428e-03 
75.850 2.515 8.494e-03 
75.900 2.515 8.561e-03 
75.950 2.515 8.630e-03 
76.000 2.515 8.700e-03 
76.050 2.515 8.771e-03 
76.100 2.515 8.843e-03 
76.150 2.515 8.916e-03 
76.200 2.515 8.990e-03 
76.250 2.515 9.065e-03 
76.300 2.515 9.140e-03 
76.350 2.515 9.216e-03 
76.400 2.515 9.293e-03 
76.450 2.515 9.370e-03 
76.500 2.515 9.448e-03 
76.550 2.515 9.526e-03 
76.600 2.515 9.604e-03 
76.650 2.515 9.682e-03 
76.700 2.515 9.761e-03 
76.750 2.515 9.839e-03 
76.800 2.515 9.918e-03 
76.850 2.515 9.996e-03 
76.900 2.515 1.007e-02 
76.950 2.515 1.015e-02 
77.000 2.515 1.023e-02 
77.050 2.515 1.031e-02 
77.100 2.515 1.039e-02 
77.150 2.515 1.047e-02 
77.200 2.515 1.054e-02 
77.250 2.515 1.062e-02 
77.300 2.516 1.070e-02 
77.350 2.516 1.078e-02 
77.400 2.516 1.085e-02 
77.450 2.516 1.093e-02 
77.500 2.516 1.101e-02 
77.550 2.516 1.108e-02 
77.600 2.516 1.116e-02 
77.650 2.516 1.123e-02 
77.700 2.516 1.131e-02 
77.750 2.516 1.138e-02 
77.800 2.516 1.145e-02 
77.850 2.516 1.153e-02 
77.900 2.516 1.160e-02 
77.950 2.517 1.167e-02 
78.000 2.517 1.174e-02 
78.050 2.517 1.182e-02 
78.100 2.517 1.189e-02 
78.150 2.517 1.196e-02 
78.200 2.517 1.203e-02 
78.250 2.517 1.210e-02 
78.300 2.517 1.217e-02 
78.350 2.517 1.223e-02 
78.400 2.517 1.230e-02 
78.450 2.518 1.237e-02 
78.500 2.518 1.244e-02 
78.550 2.518 1.251e-02 
78.600 2.518 1.257e-02 
78.650 2.518 1.264e-02 
78.700 2.518 1.271e-02 
78.750 2.518 1.278e-02 
78.800 2.518 1.284e-02 
78.850 2.518 1.291e-02 
78.900 2.519 1.298e-02 
78.950 2.519 1.304e-02 
79.000 2.519 1.311e-02 
79.050 2.519 1.318e-02 
79.100 2.519 1.324e-02 
79.150 2.519 1.331e-02 
79.200 2.519 1.338e-02 
79.250 2.519 1.344e-02 
79.300 2.519 1.351e-02 
79.350 2.519 1.358e-02 
79.400 2.519 1.364e-02 
79.450 2.520 1.371e-02 
79.500 2.520 1.378e-02 
79.550 2.520 1.385e-02 
79.600 2.520 1.391e-02 
79.650 2.520 1.398e-02 
79.700 2.520 1.405e-02 
79.750 2.520 1.412e-02 
79.800 2.520 1.419e-02 
79.850 2.520 1.425e-02 
79.900 2.520 1.432e-02 
79.950 2.520 1.439e-02 
80.000 2.520 1.446e-02 
80.050 2.520 1.453e-02 
80.100 2.520 1.460e-02 
80.150 2.520 1.467e-02 
80.200 2.520 1.474e-02 
80.250 2.520 1.481e-02 
80.300 2.520 1.488e-02 
80.350 2.520 1.495e-02 
80.400 2.520 1.503e-02 
80.450 2.520 1.510e-02 
80.500 2.520 1.517e-02 
80.550 2.520 1.524e-02 
80.600 2.520 1.531e-02 
80.650 2.520 1.539e-02 
80.700 2.520 1.546e-02 
80.750 2.520 1.553e-02 
80.800 2.520 1.561e-02 
80.850 2.520 1.568e-02 
80.900 2.520 1.575e-02 
80.950 2.520 1.583e-02 
81.000 2.520 1.590e-02 
81.050 2.520 1.597e-02 
81.100 2.520 1.605e-02 
81.150 2.519 1.612e-02 
81.200 2.519 1.620e-02 
81.250 2.519 1.627e-02 
81.300 2.519 1.634e-02 
81.350 2.519 1.642e-02 
81.400 2.519 1.649e-02 
81.450 2.519 1.657e-02 
81.500 2.519 1.664e-02 
81.550 2.519 1.671e-02 
81.600 2.519 1.679e-02 
81.650 2.519 1.686e-02 
81.700 2.518 1.693e-02 
81.750 2.518 1.701e-02 
81.800 2.518 1.708e-02 
81.850 2.518 1.715e-02 
81.900 2.518 1.722e-02 
81.950 2.518 1.730e-02 
82.000 2.518 1.737e-02 
82.050 2.518 1.744e-02 
82.100 2.517 1.751e-02 
82.150 2.517 1.758e-02 
82.200 2.517 1.765e-02 
82.250 2.517 1.772e-02 
82.300 2.517 1.779e-02 
82.350 2.517 1.786e-02 
82.400 2.517 1.793e-02 
82.450 2.516 1.800e-02 
82.500 2.516 1.806e-02 
82.550 2.516 1.813e-02 
82.600 2.516 1.820e-02 
82.650 2.516 1.826e-02 
82.700 2.516 1.832e-02 
82.750 2.516 1.839e-02 
82.800 2.515 1.845e-02 
82.850 2.515 1.851e-02 
82.900 2.515 1.858e-02 
82.950 2.515 1.864e-02 
83.000 2.515 1.870e-02 
83.050 2.515 1.876e-02 
83.100 2.514 1.881e-02 
83.150 2.514 1.887e-02 
83.200 2.514 1.893e-02 
83.250 2.514 1.898e-02 
83.300 2.514 1.904e-02 
83.350 2.514 1.909e-02 
83.400 2.513 1.914e-02 
83.450 2.513 1.919e-02 
83.500 2.513 1.924e-02 
83.550 2.513 1.929e-02 
83.600 2.513 1.934e-02 
83.650 2.513 1.939e-02 
83.700 2.512 1.943e-02 
83.750 2.512 1.948e-02 
83.800 2.512 1.952e-02 
83.850 2.512 1.956e-02 
83.900 2.512 1.961e-02 
83.950 2.511 1.965e-02 
84.000 2.511 1.969e-02 
84.050 2.511 1.972e-02 
84.100 2.511 1.976e-02 
84.150 2.511 1.980e-02 
84.200 2.511 1.983e-02 
84.250 2.510 1.987e-02 
84.300 2.510 1.990e-02 
84.350 2.510 1.993e-02 
84.400 2.510 1.996e-02 
84.450 2.510 1.999e-02 
84.500 2.510 2.002e-02 
84.550 2.509 2.005e-02 
84.600 2.509 2.007e-02 
84.650 2.509 2.010e-02 
84.700 2.509 2.013e-02 
84.750 2.509 2.015e-02 
84.800 2.509 2.017e-02 
84.850 2.508 2.020e-02 
84.900 2.508 2.022e-02 
84.950 2.508 2.024e-02 
85.000 2.508 2.026e-02 
85.050 2.508 2.028e-02 
85.100 2.508 2.029e-02 
85.150 2.507 2.031e-02 
85.200 2.507 2.033e-02 
85.250 2.507 2.035e-02 
85.300 2.507 2.036e-02 
85.350 2.507 2.038e-02 
85.400 2.507 2.039e-02 
85.450 2.506 2.040e-02 
85.500 2.506 2.042e-02 
85.550 2.506 2.043e-02 
85.600 2.506 2.044e-02 
85.650 2.506 2.045e-02 
85.700 2.506 2.046e-02 
85.750 2.505 2.047e-02 
85.800 2.505 2.048e-02 
85.850 2.505 2.049e-02 
85.900 2.505 2.050e-02 
85.950 2.505 2.051e-02 
86.000 2.505 2.052e-02 
86.050 2.504 2.053e-02 
86.100 2.504 2.053e-02 
86.150 2.504 2.054e-02 
86.200 2.504 2.055e-02 
86.250 2.504 2.055e-02 
86.300 2.504 2.056e-02 
86.350 2.504 2.057e-02 
86.400 2.503 2.057e-02 
86.450 2.503 2.058e-02 
86.500 2.503 2.058e-02 
86.550 2.503 2.058e-02 
86.600 2.503 2.059e-02 
86.650 2.503 2.059e-02 
86.700 2.502 2.059e-02 
86.750 2.502 2.060e-02 
86.800 2.502 2.060e-02 
86.850 2.502 2.060e-02 
86.900 2.502 2.060e-02 
86.950 2.502 2.060e-02 
87.000 2.501 2.061e-02 
87.050 2.501 2.061e-02 
87.100 2.501 2.061e-02 
87.150 2.501 2.061e-02 
87.200 2.501 2.061e-02 
87.250 2.501 2.061e-02 
87.300 2.500 2.060e-02 
87.350 2.500 2.060e-02 
87.400 2.500 2.060e-02 
87.450 2.500 2.060e-02 
87.500 2.500 2.060e-02 
87.550 2.499 2.059e-02 
87.600 2.499 2.059e-02 
87.650 2.499 2.058e-02 
87.700 2.499 2.058e-02 
87.750 2.499 2.057e-02 
87.800 2.498 2.057e-02 
87.850 2.498 2.056e-02 
87.900 2.498 2.056e-02 
87.950 2.498 2.055e-02 
88.000 2.498 2.055e-02 
88.050 2.497 2.054e-02 
88.100 2.497 2.053e-02 
88.150 2.497 2.052e-02 
88.200 2.497 2.051e-02 
88.250 2.497 2.051e-02 
88.300 2.496 2.050e-02 
88.350 2.496 2.049e-02 
88.400 2.496 2.048e-02 
88.450 2.496 2.047e-02 
88.500 2.495 2.045e-02 
88.550 2.495 2.044e-02 
88.600 2.495 2.043e-02 
88.650 2.495 2.042e-02 
88.700 2.495 2.041e-02 
88.750 2.494 2.039e-02 
88.800 2.494 2.038e-02 
88.850 2.494 2.037e-02 
88.900 2.494 2.035e-02 
88.950 2.494 2.034e-02 
89.000 2.493 2.033e-02 
89.050 2.493 2.031e-02 
89.100 2.493 2.030e-02 
89.150 2.493 2.028e-02 
89.200 2.492 2.026e-02 
89.250 2.492 2.025e-02 
89.300 2.492 2.023e-02 
89.350 2.492 2.021e-02 
89.400 2.492 2.019e-02 
89.450 2.491 2.018e-02 
89.500 2.491 2.016e-02 
89.550 2.491 2.014e-02 
89.600 2.491 2.012e-02 
89.650 2.491 2.010e-02 
89.700 2.491 2.008e-02 
89.750 2.490 2.006e-02 
89.800 2.490 2.004e-02 
89.850 2.490 2.001e-02 
89.900 2.490 1.999e-02 
89.950 2.490 1.997e-02 
90.000 2.490 1.994e-02 
