!SWISSto12 MCK epsilon fit data
!name=Sample_Asphalt_58421130CI_19052022_2
!thickness[mm]=18.000
!freq eps tand
75.000 4.704 4.079e-02 
75.050 4.704 4.082e-02 
75.100 4.704 4.086e-02 
75.150 4.704 4.090e-02 
75.200 4.704 4.094e-02 
75.250 4.704 4.098e-02 
75.300 4.704 4.103e-02 
75.350 4.705 4.108e-02 
75.400 4.705 4.113e-02 
75.450 4.705 4.118e-02 
75.500 4.705 4.123e-02 
75.550 4.705 4.129e-02 
75.600 4.705 4.134e-02 
75.650 4.705 4.140e-02 
75.700 4.705 4.145e-02 
75.750 4.705 4.151e-02 
75.800 4.706 4.156e-02 
75.850 4.706 4.161e-02 
75.900 4.706 4.167e-02 
75.950 4.706 4.172e-02 
76.000 4.706 4.177e-02 
76.050 4.706 4.182e-02 
76.100 4.706 4.187e-02 
76.150 4.706 4.191e-02 
76.200 4.706 4.196e-02 
76.250 4.706 4.200e-02 
76.300 4.706 4.204e-02 
76.350 4.706 4.208e-02 
76.400 4.706 4.212e-02 
76.450 4.706 4.215e-02 
76.500 4.706 4.218e-02 
76.550 4.706 4.221e-02 
76.600 4.706 4.224e-02 
76.650 4.706 4.226e-02 
76.700 4.706 4.228e-02 
76.750 4.706 4.230e-02 
76.800 4.705 4.232e-02 
76.850 4.705 4.234e-02 
76.900 4.705 4.235e-02 
76.950 4.705 4.236e-02 
77.000 4.705 4.237e-02 
77.050 4.705 4.238e-02 
77.100 4.705 4.239e-02 
77.150 4.705 4.239e-02 
77.200 4.705 4.239e-02 
77.250 4.705 4.239e-02 
77.300 4.705 4.239e-02 
77.350 4.705 4.239e-02 
77.400 4.705 4.239e-02 
77.450 4.705 4.238e-02 
77.500 4.706 4.238e-02 
77.550 4.706 4.237e-02 
77.600 4.706 4.236e-02 
77.650 4.706 4.236e-02 
77.700 4.706 4.235e-02 
77.750 4.706 4.234e-02 
77.800 4.706 4.233e-02 
77.850 4.706 4.233e-02 
77.900 4.706 4.232e-02 
77.950 4.706 4.231e-02 
78.000 4.707 4.231e-02 
78.050 4.707 4.231e-02 
78.100 4.707 4.230e-02 
78.150 4.707 4.230e-02 
78.200 4.707 4.230e-02 
78.250 4.707 4.230e-02 
78.300 4.708 4.230e-02 
78.350 4.708 4.230e-02 
78.400 4.708 4.231e-02 
78.450 4.708 4.232e-02 
78.500 4.708 4.233e-02 
78.550 4.709 4.234e-02 
78.600 4.709 4.235e-02 
78.650 4.709 4.236e-02 
78.700 4.709 4.238e-02 
78.750 4.709 4.240e-02 
78.800 4.710 4.242e-02 
78.850 4.710 4.244e-02 
78.900 4.710 4.246e-02 
78.950 4.710 4.249e-02 
79.000 4.710 4.252e-02 
79.050 4.711 4.254e-02 
79.100 4.711 4.257e-02 
79.150 4.711 4.261e-02 
79.200 4.711 4.264e-02 
79.250 4.711 4.267e-02 
79.300 4.711 4.270e-02 
79.350 4.712 4.274e-02 
79.400 4.712 4.277e-02 
79.450 4.712 4.281e-02 
79.500 4.712 4.284e-02 
79.550 4.712 4.288e-02 
79.600 4.712 4.292e-02 
79.650 4.712 4.295e-02 
79.700 4.712 4.299e-02 
79.750 4.712 4.302e-02 
79.800 4.712 4.306e-02 
79.850 4.712 4.309e-02 
79.900 4.712 4.312e-02 
79.950 4.712 4.315e-02 
80.000 4.713 4.318e-02 
80.050 4.713 4.321e-02 
80.100 4.713 4.324e-02 
80.150 4.713 4.327e-02 
80.200 4.713 4.330e-02 
80.250 4.713 4.332e-02 
80.300 4.713 4.334e-02 
80.350 4.713 4.336e-02 
80.400 4.713 4.338e-02 
80.450 4.713 4.340e-02 
80.500 4.713 4.342e-02 
80.550 4.713 4.343e-02 
80.600 4.713 4.345e-02 
80.650 4.713 4.346e-02 
80.700 4.713 4.347e-02 
80.750 4.713 4.348e-02 
80.800 4.713 4.349e-02 
80.850 4.713 4.349e-02 
80.900 4.713 4.350e-02 
80.950 4.713 4.350e-02 
81.000 4.713 4.350e-02 
81.050 4.713 4.351e-02 
81.100 4.713 4.351e-02 
81.150 4.713 4.351e-02 
81.200 4.713 4.351e-02 
81.250 4.713 4.350e-02 
81.300 4.713 4.350e-02 
81.350 4.713 4.350e-02 
81.400 4.714 4.350e-02 
81.450 4.714 4.349e-02 
81.500 4.714 4.349e-02 
81.550 4.714 4.349e-02 
81.600 4.714 4.349e-02 
81.650 4.714 4.348e-02 
81.700 4.714 4.348e-02 
81.750 4.714 4.348e-02 
81.800 4.715 4.348e-02 
81.850 4.715 4.348e-02 
81.900 4.715 4.349e-02 
81.950 4.715 4.349e-02 
82.000 4.715 4.349e-02 
82.050 4.715 4.350e-02 
82.100 4.716 4.351e-02 
82.150 4.716 4.352e-02 
82.200 4.716 4.353e-02 
82.250 4.716 4.354e-02 
82.300 4.716 4.355e-02 
82.350 4.717 4.357e-02 
82.400 4.717 4.359e-02 
82.450 4.717 4.361e-02 
82.500 4.717 4.363e-02 
82.550 4.717 4.365e-02 
82.600 4.717 4.367e-02 
82.650 4.718 4.370e-02 
82.700 4.718 4.373e-02 
82.750 4.718 4.375e-02 
82.800 4.718 4.378e-02 
82.850 4.718 4.381e-02 
82.900 4.718 4.385e-02 
82.950 4.719 4.388e-02 
83.000 4.719 4.391e-02 
83.050 4.719 4.395e-02 
83.100 4.719 4.398e-02 
83.150 4.719 4.402e-02 
83.200 4.719 4.405e-02 
83.250 4.719 4.409e-02 
83.300 4.720 4.412e-02 
83.350 4.720 4.416e-02 
83.400 4.720 4.419e-02 
83.450 4.720 4.423e-02 
83.500 4.720 4.426e-02 
83.550 4.720 4.430e-02 
83.600 4.720 4.433e-02 
83.650 4.720 4.437e-02 
83.700 4.720 4.440e-02 
83.750 4.720 4.443e-02 
83.800 4.720 4.446e-02 
83.850 4.720 4.449e-02 
83.900 4.720 4.452e-02 
83.950 4.720 4.454e-02 
84.000 4.720 4.457e-02 
84.050 4.721 4.460e-02 
84.100 4.721 4.462e-02 
84.150 4.721 4.464e-02 
84.200 4.721 4.466e-02 
84.250 4.721 4.468e-02 
84.300 4.721 4.470e-02 
84.350 4.721 4.472e-02 
84.400 4.721 4.474e-02 
84.450 4.721 4.475e-02 
84.500 4.721 4.476e-02 
84.550 4.721 4.478e-02 
84.600 4.721 4.479e-02 
84.650 4.721 4.480e-02 
84.700 4.721 4.481e-02 
84.750 4.721 4.482e-02 
84.800 4.721 4.483e-02 
84.850 4.721 4.484e-02 
84.900 4.721 4.484e-02 
84.950 4.721 4.485e-02 
85.000 4.721 4.486e-02 
85.050 4.722 4.486e-02 
85.100 4.722 4.487e-02 
85.150 4.722 4.487e-02 
85.200 4.722 4.488e-02 
85.250 4.722 4.489e-02 
85.300 4.722 4.489e-02 
85.350 4.722 4.490e-02 
85.400 4.722 4.491e-02 
85.450 4.722 4.491e-02 
85.500 4.723 4.492e-02 
85.550 4.723 4.493e-02 
85.600 4.723 4.494e-02 
85.650 4.723 4.495e-02 
85.700 4.723 4.496e-02 
85.750 4.723 4.498e-02 
85.800 4.723 4.499e-02 
85.850 4.724 4.500e-02 
85.900 4.724 4.502e-02 
85.950 4.724 4.504e-02 
86.000 4.724 4.505e-02 
86.050 4.724 4.507e-02 
86.100 4.724 4.509e-02 
86.150 4.725 4.512e-02 
86.200 4.725 4.514e-02 
86.250 4.725 4.516e-02 
86.300 4.725 4.519e-02 
86.350 4.725 4.521e-02 
86.400 4.725 4.524e-02 
86.450 4.725 4.527e-02 
86.500 4.726 4.530e-02 
86.550 4.726 4.532e-02 
86.600 4.726 4.536e-02 
86.650 4.726 4.539e-02 
86.700 4.726 4.542e-02 
86.750 4.726 4.545e-02 
86.800 4.726 4.548e-02 
86.850 4.726 4.551e-02 
86.900 4.727 4.555e-02 
86.950 4.727 4.558e-02 
87.000 4.727 4.561e-02 
87.050 4.727 4.564e-02 
87.100 4.727 4.568e-02 
87.150 4.727 4.571e-02 
87.200 4.727 4.574e-02 
87.250 4.727 4.577e-02 
87.300 4.727 4.580e-02 
87.350 4.727 4.584e-02 
87.400 4.727 4.587e-02 
87.450 4.727 4.590e-02 
87.500 4.727 4.592e-02 
87.550 4.727 4.595e-02 
87.600 4.727 4.598e-02 
87.650 4.727 4.601e-02 
87.700 4.727 4.603e-02 
87.750 4.727 4.606e-02 
87.800 4.727 4.608e-02 
87.850 4.727 4.610e-02 
87.900 4.727 4.613e-02 
87.950 4.727 4.615e-02 
88.000 4.727 4.617e-02 
88.050 4.727 4.619e-02 
88.100 4.727 4.620e-02 
88.150 4.727 4.622e-02 
88.200 4.727 4.624e-02 
88.250 4.727 4.625e-02 
88.300 4.727 4.627e-02 
88.350 4.728 4.628e-02 
88.400 4.728 4.629e-02 
88.450 4.728 4.630e-02 
88.500 4.728 4.631e-02 
88.550 4.728 4.632e-02 
88.600 4.728 4.633e-02 
88.650 4.728 4.634e-02 
88.700 4.728 4.635e-02 
88.750 4.728 4.635e-02 
88.800 4.728 4.636e-02 
88.850 4.728 4.636e-02 
88.900 4.728 4.637e-02 
88.950 4.728 4.637e-02 
89.000 4.728 4.638e-02 
89.050 4.728 4.638e-02 
89.100 4.728 4.638e-02 
89.150 4.728 4.639e-02 
89.200 4.728 4.639e-02 
89.250 4.728 4.639e-02 
89.300 4.729 4.640e-02 
89.350 4.729 4.640e-02 
89.400 4.729 4.641e-02 
89.450 4.729 4.641e-02 
89.500 4.729 4.641e-02 
89.550 4.729 4.642e-02 
89.600 4.729 4.643e-02 
89.650 4.729 4.643e-02 
89.700 4.729 4.644e-02 
89.750 4.729 4.645e-02 
89.800 4.729 4.646e-02 
89.850 4.730 4.647e-02 
89.900 4.730 4.648e-02 
89.950 4.730 4.649e-02 
90.000 4.730 4.650e-02 
