!SWISSto12 MCK epsilon fit data
!name=Wood_19052022_1
!thickness[mm]=8.300
!freq eps tand
75.000 3.684 4.621e-02 
75.050 3.683 4.623e-02 
75.100 3.681 4.624e-02 
75.150 3.680 4.626e-02 
75.200 3.679 4.627e-02 
75.250 3.677 4.629e-02 
75.300 3.676 4.630e-02 
75.350 3.674 4.632e-02 
75.400 3.673 4.633e-02 
75.450 3.672 4.635e-02 
75.500 3.670 4.636e-02 
75.550 3.669 4.638e-02 
75.600 3.667 4.639e-02 
75.650 3.666 4.641e-02 
75.700 3.665 4.642e-02 
75.750 3.663 4.644e-02 
75.800 3.662 4.645e-02 
75.850 3.661 4.646e-02 
75.900 3.659 4.648e-02 
75.950 3.658 4.649e-02 
76.000 3.656 4.650e-02 
76.050 3.655 4.652e-02 
76.100 3.654 4.653e-02 
76.150 3.652 4.654e-02 
76.200 3.651 4.655e-02 
76.250 3.650 4.656e-02 
76.300 3.648 4.657e-02 
76.350 3.647 4.657e-02 
76.400 3.646 4.658e-02 
76.450 3.644 4.659e-02 
76.500 3.643 4.659e-02 
76.550 3.642 4.659e-02 
76.600 3.640 4.660e-02 
76.650 3.639 4.660e-02 
76.700 3.638 4.660e-02 
76.750 3.637 4.660e-02 
76.800 3.635 4.660e-02 
76.850 3.634 4.660e-02 
76.900 3.633 4.659e-02 
76.950 3.632 4.659e-02 
77.000 3.630 4.658e-02 
77.050 3.629 4.657e-02 
77.100 3.628 4.656e-02 
77.150 3.627 4.656e-02 
77.200 3.625 4.654e-02 
77.250 3.624 4.653e-02 
77.300 3.623 4.652e-02 
77.350 3.622 4.651e-02 
77.400 3.621 4.649e-02 
77.450 3.620 4.648e-02 
77.500 3.619 4.646e-02 
77.550 3.617 4.644e-02 
77.600 3.616 4.642e-02 
77.650 3.615 4.640e-02 
77.700 3.614 4.638e-02 
77.750 3.613 4.636e-02 
77.800 3.612 4.634e-02 
77.850 3.611 4.632e-02 
77.900 3.610 4.629e-02 
77.950 3.609 4.627e-02 
78.000 3.608 4.625e-02 
78.050 3.607 4.622e-02 
78.100 3.606 4.620e-02 
78.150 3.605 4.617e-02 
78.200 3.604 4.615e-02 
78.250 3.603 4.612e-02 
78.300 3.602 4.610e-02 
78.350 3.601 4.607e-02 
78.400 3.600 4.605e-02 
78.450 3.599 4.603e-02 
78.500 3.598 4.600e-02 
78.550 3.597 4.598e-02 
78.600 3.596 4.596e-02 
78.650 3.595 4.593e-02 
78.700 3.594 4.591e-02 
78.750 3.593 4.589e-02 
78.800 3.592 4.587e-02 
78.850 3.591 4.585e-02 
78.900 3.590 4.583e-02 
78.950 3.589 4.582e-02 
79.000 3.588 4.580e-02 
79.050 3.588 4.579e-02 
79.100 3.587 4.577e-02 
79.150 3.586 4.576e-02 
79.200 3.585 4.575e-02 
79.250 3.584 4.574e-02 
79.300 3.583 4.573e-02 
79.350 3.582 4.573e-02 
79.400 3.582 4.572e-02 
79.450 3.581 4.572e-02 
79.500 3.580 4.572e-02 
79.550 3.579 4.572e-02 
79.600 3.578 4.573e-02 
79.650 3.577 4.573e-02 
79.700 3.577 4.574e-02 
79.750 3.576 4.575e-02 
79.800 3.575 4.576e-02 
79.850 3.574 4.577e-02 
79.900 3.573 4.579e-02 
79.950 3.573 4.581e-02 
80.000 3.572 4.583e-02 
80.050 3.571 4.585e-02 
80.100 3.570 4.588e-02 
80.150 3.570 4.590e-02 
80.200 3.569 4.593e-02 
80.250 3.568 4.597e-02 
80.300 3.567 4.600e-02 
80.350 3.567 4.604e-02 
80.400 3.566 4.608e-02 
80.450 3.565 4.612e-02 
80.500 3.564 4.617e-02 
80.550 3.564 4.621e-02 
80.600 3.563 4.626e-02 
80.650 3.562 4.632e-02 
80.700 3.561 4.637e-02 
80.750 3.561 4.643e-02 
80.800 3.560 4.649e-02 
80.850 3.559 4.655e-02 
80.900 3.558 4.661e-02 
80.950 3.558 4.668e-02 
81.000 3.557 4.675e-02 
81.050 3.556 4.682e-02 
81.100 3.555 4.690e-02 
81.150 3.555 4.698e-02 
81.200 3.554 4.705e-02 
81.250 3.553 4.714e-02 
81.300 3.552 4.722e-02 
81.350 3.552 4.731e-02 
81.400 3.551 4.740e-02 
81.450 3.550 4.749e-02 
81.500 3.549 4.758e-02 
81.550 3.548 4.768e-02 
81.600 3.548 4.777e-02 
81.650 3.547 4.787e-02 
81.700 3.546 4.797e-02 
81.750 3.545 4.808e-02 
81.800 3.545 4.818e-02 
81.850 3.544 4.829e-02 
81.900 3.543 4.840e-02 
81.950 3.542 4.851e-02 
82.000 3.541 4.863e-02 
82.050 3.540 4.874e-02 
82.100 3.540 4.886e-02 
82.150 3.539 4.898e-02 
82.200 3.538 4.910e-02 
82.250 3.537 4.922e-02 
82.300 3.536 4.935e-02 
82.350 3.535 4.947e-02 
82.400 3.535 4.960e-02 
82.450 3.534 4.973e-02 
82.500 3.533 4.986e-02 
82.550 3.532 4.999e-02 
82.600 3.531 5.013e-02 
82.650 3.530 5.026e-02 
82.700 3.529 5.040e-02 
82.750 3.528 5.053e-02 
82.800 3.528 5.067e-02 
82.850 3.527 5.081e-02 
82.900 3.526 5.095e-02 
82.950 3.525 5.110e-02 
83.000 3.524 5.124e-02 
83.050 3.523 5.138e-02 
83.100 3.522 5.153e-02 
83.150 3.521 5.167e-02 
83.200 3.520 5.182e-02 
83.250 3.519 5.196e-02 
83.300 3.518 5.211e-02 
83.350 3.517 5.226e-02 
83.400 3.516 5.241e-02 
83.450 3.515 5.256e-02 
83.500 3.514 5.271e-02 
83.550 3.513 5.286e-02 
83.600 3.512 5.301e-02 
83.650 3.511 5.316e-02 
83.700 3.510 5.331e-02 
83.750 3.509 5.346e-02 
83.800 3.508 5.361e-02 
83.850 3.507 5.377e-02 
83.900 3.506 5.392e-02 
83.950 3.505 5.407e-02 
84.000 3.504 5.422e-02 
84.050 3.503 5.437e-02 
84.100 3.502 5.453e-02 
84.150 3.501 5.468e-02 
84.200 3.500 5.483e-02 
84.250 3.499 5.498e-02 
84.300 3.498 5.514e-02 
84.350 3.497 5.529e-02 
84.400 3.496 5.544e-02 
84.450 3.494 5.559e-02 
84.500 3.493 5.575e-02 
84.550 3.492 5.590e-02 
84.600 3.491 5.605e-02 
84.650 3.490 5.620e-02 
84.700 3.489 5.635e-02 
84.750 3.488 5.650e-02 
84.800 3.487 5.665e-02 
84.850 3.486 5.680e-02 
84.900 3.484 5.695e-02 
84.950 3.483 5.710e-02 
85.000 3.482 5.725e-02 
85.050 3.481 5.740e-02 
85.100 3.480 5.755e-02 
85.150 3.479 5.769e-02 
85.200 3.478 5.784e-02 
85.250 3.476 5.799e-02 
85.300 3.475 5.813e-02 
85.350 3.474 5.828e-02 
85.400 3.473 5.842e-02 
85.450 3.472 5.857e-02 
85.500 3.471 5.871e-02 
85.550 3.469 5.886e-02 
85.600 3.468 5.900e-02 
85.650 3.467 5.914e-02 
85.700 3.466 5.928e-02 
85.750 3.464 5.942e-02 
85.800 3.463 5.956e-02 
85.850 3.462 5.970e-02 
85.900 3.461 5.984e-02 
85.950 3.460 5.998e-02 
86.000 3.458 6.012e-02 
86.050 3.457 6.025e-02 
86.100 3.456 6.039e-02 
86.150 3.455 6.052e-02 
86.200 3.453 6.066e-02 
86.250 3.452 6.079e-02 
86.300 3.451 6.092e-02 
86.350 3.450 6.105e-02 
86.400 3.448 6.118e-02 
86.450 3.447 6.131e-02 
86.500 3.446 6.143e-02 
86.550 3.444 6.156e-02 
86.600 3.443 6.168e-02 
86.650 3.442 6.181e-02 
86.700 3.441 6.193e-02 
86.750 3.439 6.205e-02 
86.800 3.438 6.217e-02 
86.850 3.437 6.229e-02 
86.900 3.435 6.240e-02 
86.950 3.434 6.252e-02 
87.000 3.433 6.263e-02 
87.050 3.431 6.274e-02 
87.100 3.430 6.285e-02 
87.150 3.429 6.296e-02 
87.200 3.427 6.307e-02 
87.250 3.426 6.317e-02 
87.300 3.425 6.328e-02 
87.350 3.423 6.338e-02 
87.400 3.422 6.348e-02 
87.450 3.420 6.357e-02 
87.500 3.419 6.367e-02 
87.550 3.418 6.376e-02 
87.600 3.416 6.385e-02 
87.650 3.415 6.394e-02 
87.700 3.413 6.403e-02 
87.750 3.412 6.411e-02 
87.800 3.411 6.419e-02 
87.850 3.409 6.427e-02 
87.900 3.408 6.435e-02 
87.950 3.406 6.442e-02 
88.000 3.405 6.450e-02 
88.050 3.403 6.457e-02 
88.100 3.402 6.464e-02 
88.150 3.401 6.470e-02 
88.200 3.399 6.476e-02 
88.250 3.398 6.482e-02 
88.300 3.396 6.488e-02 
88.350 3.395 6.494e-02 
88.400 3.393 6.499e-02 
88.450 3.392 6.504e-02 
88.500 3.391 6.509e-02 
88.550 3.389 6.513e-02 
88.600 3.388 6.518e-02 
88.650 3.386 6.522e-02 
88.700 3.385 6.525e-02 
88.750 3.383 6.529e-02 
88.800 3.382 6.532e-02 
88.850 3.380 6.535e-02 
88.900 3.379 6.538e-02 
88.950 3.377 6.540e-02 
89.000 3.376 6.543e-02 
89.050 3.375 6.545e-02 
89.100 3.373 6.546e-02 
89.150 3.372 6.548e-02 
89.200 3.370 6.549e-02 
89.250 3.369 6.550e-02 
89.300 3.368 6.551e-02 
89.350 3.366 6.552e-02 
89.400 3.365 6.552e-02 
89.450 3.363 6.552e-02 
89.500 3.362 6.552e-02 
89.550 3.361 6.552e-02 
89.600 3.359 6.552e-02 
89.650 3.358 6.551e-02 
89.700 3.356 6.550e-02 
89.750 3.355 6.549e-02 
89.800 3.354 6.548e-02 
89.850 3.353 6.546e-02 
89.900 3.351 6.545e-02 
89.950 3.350 6.543e-02 
90.000 3.349 6.541e-02 
