!SWISSto12 MCK epsilon fit data
!name=Sample_Concrete_19052022_2
!thickness[mm]=18.000
!freq eps tand
75.000 3.674 8.907e-02 
75.050 3.675 8.912e-02 
75.100 3.675 8.918e-02 
75.150 3.675 8.924e-02 
75.200 3.676 8.930e-02 
75.250 3.676 8.936e-02 
75.300 3.677 8.943e-02 
75.350 3.677 8.949e-02 
75.400 3.678 8.956e-02 
75.450 3.678 8.963e-02 
75.500 3.679 8.970e-02 
75.550 3.679 8.977e-02 
75.600 3.680 8.984e-02 
75.650 3.680 8.991e-02 
75.700 3.681 8.998e-02 
75.750 3.681 9.006e-02 
75.800 3.681 9.013e-02 
75.850 3.682 9.021e-02 
75.900 3.682 9.028e-02 
75.950 3.683 9.035e-02 
76.000 3.683 9.043e-02 
76.050 3.684 9.051e-02 
76.100 3.684 9.058e-02 
76.150 3.685 9.066e-02 
76.200 3.685 9.073e-02 
76.250 3.686 9.081e-02 
76.300 3.686 9.088e-02 
76.350 3.687 9.096e-02 
76.400 3.687 9.103e-02 
76.450 3.688 9.111e-02 
76.500 3.688 9.119e-02 
76.550 3.689 9.126e-02 
76.600 3.689 9.134e-02 
76.650 3.689 9.141e-02 
76.700 3.690 9.149e-02 
76.750 3.690 9.156e-02 
76.800 3.691 9.164e-02 
76.850 3.691 9.172e-02 
76.900 3.692 9.179e-02 
76.950 3.692 9.187e-02 
77.000 3.693 9.194e-02 
77.050 3.693 9.202e-02 
77.100 3.693 9.210e-02 
77.150 3.694 9.218e-02 
77.200 3.694 9.225e-02 
77.250 3.695 9.233e-02 
77.300 3.695 9.241e-02 
77.350 3.695 9.249e-02 
77.400 3.696 9.257e-02 
77.450 3.696 9.265e-02 
77.500 3.697 9.272e-02 
77.550 3.697 9.281e-02 
77.600 3.697 9.289e-02 
77.650 3.698 9.297e-02 
77.700 3.698 9.305e-02 
77.750 3.699 9.313e-02 
77.800 3.699 9.322e-02 
77.850 3.699 9.330e-02 
77.900 3.700 9.339e-02 
77.950 3.700 9.347e-02 
78.000 3.700 9.356e-02 
78.050 3.701 9.365e-02 
78.100 3.701 9.373e-02 
78.150 3.701 9.382e-02 
78.200 3.702 9.391e-02 
78.250 3.702 9.400e-02 
78.300 3.703 9.409e-02 
78.350 3.703 9.419e-02 
78.400 3.703 9.428e-02 
78.450 3.704 9.437e-02 
78.500 3.704 9.447e-02 
78.550 3.704 9.456e-02 
78.600 3.705 9.466e-02 
78.650 3.705 9.476e-02 
78.700 3.705 9.485e-02 
78.750 3.706 9.495e-02 
78.800 3.706 9.505e-02 
78.850 3.706 9.515e-02 
78.900 3.707 9.525e-02 
78.950 3.707 9.535e-02 
79.000 3.707 9.545e-02 
79.050 3.707 9.556e-02 
79.100 3.708 9.566e-02 
79.150 3.708 9.577e-02 
79.200 3.708 9.587e-02 
79.250 3.709 9.598e-02 
79.300 3.709 9.608e-02 
79.350 3.709 9.619e-02 
79.400 3.710 9.630e-02 
79.450 3.710 9.641e-02 
79.500 3.710 9.652e-02 
79.550 3.710 9.663e-02 
79.600 3.711 9.674e-02 
79.650 3.711 9.685e-02 
79.700 3.711 9.696e-02 
79.750 3.712 9.707e-02 
79.800 3.712 9.718e-02 
79.850 3.712 9.730e-02 
79.900 3.712 9.741e-02 
79.950 3.713 9.752e-02 
80.000 3.713 9.764e-02 
80.050 3.713 9.775e-02 
80.100 3.713 9.787e-02 
80.150 3.714 9.798e-02 
80.200 3.714 9.809e-02 
80.250 3.714 9.821e-02 
80.300 3.714 9.833e-02 
80.350 3.715 9.844e-02 
80.400 3.715 9.856e-02 
80.450 3.715 9.867e-02 
80.500 3.715 9.879e-02 
80.550 3.716 9.891e-02 
80.600 3.716 9.902e-02 
80.650 3.716 9.914e-02 
80.700 3.716 9.926e-02 
80.750 3.716 9.937e-02 
80.800 3.717 9.949e-02 
80.850 3.717 9.961e-02 
80.900 3.717 9.972e-02 
80.950 3.717 9.984e-02 
81.000 3.717 9.995e-02 
81.050 3.717 1.001e-01 
81.100 3.718 1.002e-01 
81.150 3.718 1.003e-01 
81.200 3.718 1.004e-01 
81.250 3.718 1.005e-01 
81.300 3.718 1.007e-01 
81.350 3.718 1.008e-01 
81.400 3.718 1.009e-01 
81.450 3.718 1.010e-01 
81.500 3.719 1.011e-01 
81.550 3.719 1.012e-01 
81.600 3.719 1.014e-01 
81.650 3.719 1.015e-01 
81.700 3.719 1.016e-01 
81.750 3.719 1.017e-01 
81.800 3.719 1.018e-01 
81.850 3.719 1.019e-01 
81.900 3.719 1.021e-01 
81.950 3.719 1.022e-01 
82.000 3.719 1.023e-01 
82.050 3.719 1.024e-01 
82.100 3.719 1.025e-01 
82.150 3.719 1.026e-01 
82.200 3.719 1.027e-01 
82.250 3.719 1.029e-01 
82.300 3.719 1.030e-01 
82.350 3.719 1.031e-01 
82.400 3.719 1.032e-01 
82.450 3.719 1.033e-01 
82.500 3.719 1.034e-01 
82.550 3.719 1.036e-01 
82.600 3.719 1.037e-01 
82.650 3.719 1.038e-01 
82.700 3.719 1.039e-01 
82.750 3.719 1.040e-01 
82.800 3.719 1.041e-01 
82.850 3.719 1.042e-01 
82.900 3.719 1.044e-01 
82.950 3.719 1.045e-01 
83.000 3.719 1.046e-01 
83.050 3.718 1.047e-01 
83.100 3.718 1.048e-01 
83.150 3.718 1.049e-01 
83.200 3.718 1.050e-01 
83.250 3.718 1.051e-01 
83.300 3.718 1.053e-01 
83.350 3.718 1.054e-01 
83.400 3.718 1.055e-01 
83.450 3.718 1.056e-01 
83.500 3.717 1.057e-01 
83.550 3.717 1.058e-01 
83.600 3.717 1.059e-01 
83.650 3.717 1.060e-01 
83.700 3.717 1.061e-01 
83.750 3.717 1.062e-01 
83.800 3.717 1.063e-01 
83.850 3.716 1.064e-01 
83.900 3.716 1.065e-01 
83.950 3.716 1.066e-01 
84.000 3.716 1.067e-01 
84.050 3.716 1.068e-01 
84.100 3.715 1.069e-01 
84.150 3.715 1.070e-01 
84.200 3.715 1.071e-01 
84.250 3.715 1.072e-01 
84.300 3.715 1.072e-01 
84.350 3.714 1.073e-01 
84.400 3.714 1.074e-01 
84.450 3.714 1.075e-01 
84.500 3.714 1.076e-01 
84.550 3.714 1.077e-01 
84.600 3.713 1.077e-01 
84.650 3.713 1.078e-01 
84.700 3.713 1.079e-01 
84.750 3.713 1.080e-01 
84.800 3.712 1.080e-01 
84.850 3.712 1.081e-01 
84.900 3.712 1.082e-01 
84.950 3.711 1.082e-01 
85.000 3.711 1.083e-01 
85.050 3.711 1.084e-01 
85.100 3.711 1.084e-01 
85.150 3.710 1.085e-01 
85.200 3.710 1.085e-01 
85.250 3.710 1.086e-01 
85.300 3.709 1.086e-01 
85.350 3.709 1.087e-01 
85.400 3.709 1.088e-01 
85.450 3.709 1.088e-01 
85.500 3.708 1.089e-01 
85.550 3.708 1.089e-01 
85.600 3.708 1.089e-01 
85.650 3.707 1.090e-01 
85.700 3.707 1.090e-01 
85.750 3.707 1.091e-01 
85.800 3.706 1.091e-01 
85.850 3.706 1.091e-01 
85.900 3.706 1.092e-01 
85.950 3.705 1.092e-01 
86.000 3.705 1.093e-01 
86.050 3.705 1.093e-01 
86.100 3.704 1.093e-01 
86.150 3.704 1.093e-01 
86.200 3.704 1.094e-01 
86.250 3.703 1.094e-01 
86.300 3.703 1.094e-01 
86.350 3.703 1.094e-01 
86.400 3.702 1.095e-01 
86.450 3.702 1.095e-01 
86.500 3.702 1.095e-01 
86.550 3.701 1.095e-01 
86.600 3.701 1.095e-01 
86.650 3.701 1.095e-01 
86.700 3.700 1.096e-01 
86.750 3.700 1.096e-01 
86.800 3.700 1.096e-01 
86.850 3.700 1.096e-01 
86.900 3.699 1.096e-01 
86.950 3.699 1.096e-01 
87.000 3.699 1.096e-01 
87.050 3.698 1.096e-01 
87.100 3.698 1.096e-01 
87.150 3.698 1.096e-01 
87.200 3.697 1.096e-01 
87.250 3.697 1.096e-01 
87.300 3.697 1.095e-01 
87.350 3.697 1.095e-01 
87.400 3.696 1.095e-01 
87.450 3.696 1.095e-01 
87.500 3.696 1.095e-01 
87.550 3.696 1.094e-01 
87.600 3.695 1.094e-01 
87.650 3.695 1.094e-01 
87.700 3.695 1.094e-01 
87.750 3.695 1.093e-01 
87.800 3.695 1.093e-01 
87.850 3.694 1.092e-01 
87.900 3.694 1.092e-01 
87.950 3.694 1.092e-01 
88.000 3.694 1.091e-01 
88.050 3.694 1.091e-01 
88.100 3.693 1.090e-01 
88.150 3.693 1.089e-01 
88.200 3.693 1.089e-01 
88.250 3.693 1.088e-01 
88.300 3.693 1.088e-01 
88.350 3.692 1.087e-01 
88.400 3.692 1.086e-01 
88.450 3.692 1.086e-01 
88.500 3.692 1.085e-01 
88.550 3.692 1.084e-01 
88.600 3.692 1.083e-01 
88.650 3.691 1.082e-01 
88.700 3.691 1.082e-01 
88.750 3.691 1.081e-01 
88.800 3.691 1.080e-01 
88.850 3.691 1.079e-01 
88.900 3.691 1.078e-01 
88.950 3.690 1.077e-01 
89.000 3.690 1.076e-01 
89.050 3.690 1.075e-01 
89.100 3.690 1.074e-01 
89.150 3.690 1.073e-01 
89.200 3.689 1.073e-01 
89.250 3.689 1.072e-01 
89.300 3.689 1.071e-01 
89.350 3.689 1.070e-01 
89.400 3.689 1.069e-01 
89.450 3.688 1.068e-01 
89.500 3.688 1.067e-01 
89.550 3.688 1.066e-01 
89.600 3.688 1.065e-01 
89.650 3.688 1.064e-01 
89.700 3.687 1.063e-01 
89.750 3.687 1.062e-01 
89.800 3.687 1.061e-01 
89.850 3.687 1.060e-01 
89.900 3.686 1.060e-01 
89.950 3.686 1.059e-01 
90.000 3.686 1.058e-01 
