!SWISSto12 MCK epsilon fit data
!name=Sample_Concrete_19052022_2_2
!thickness[mm]=18.000
!freq eps tand
75.000 -0.691 -7.907e-01 
75.050 -0.691 -7.907e-01 
75.100 -0.691 7.907e-01 
75.150 -0.691 7.907e-01 
75.200 -0.691 7.907e-01 
75.250 -0.691 7.907e-01 
75.300 -0.691 7.907e-01 
75.350 -0.691 7.907e-01 
75.400 -0.691 7.907e-01 
75.450 -0.691 7.907e-01 
75.500 -0.691 7.907e-01 
75.550 -0.691 7.907e-01 
75.600 -0.691 7.907e-01 
75.650 -0.691 7.907e-01 
75.700 -0.691 7.907e-01 
75.750 -0.691 7.907e-01 
75.800 -0.691 7.907e-01 
75.850 -0.691 7.907e-01 
75.900 -0.691 7.907e-01 
75.950 -0.691 7.907e-01 
76.000 -0.691 7.907e-01 
76.050 -0.691 7.907e-01 
76.100 -0.691 7.907e-01 
76.150 -0.691 7.907e-01 
76.200 -0.691 7.907e-01 
76.250 -0.691 7.907e-01 
76.300 -0.691 7.907e-01 
76.350 -0.691 7.907e-01 
76.400 -0.691 7.907e-01 
76.450 -0.691 7.907e-01 
76.500 -0.691 7.907e-01 
76.550 -0.691 7.907e-01 
76.600 -0.691 7.907e-01 
76.650 -0.691 7.907e-01 
76.700 -0.691 7.907e-01 
76.750 -0.691 7.907e-01 
76.800 -0.691 7.907e-01 
76.850 -0.691 7.907e-01 
76.900 -0.691 7.907e-01 
76.950 -0.691 7.907e-01 
77.000 -0.691 7.907e-01 
77.050 -0.691 7.907e-01 
77.100 -0.691 7.907e-01 
77.150 -0.691 7.907e-01 
77.200 -0.691 7.907e-01 
77.250 -0.691 7.907e-01 
77.300 -0.691 7.907e-01 
77.350 -0.691 7.907e-01 
77.400 -0.691 7.907e-01 
77.450 -0.691 7.907e-01 
77.500 -0.691 7.907e-01 
77.550 -0.691 7.907e-01 
77.600 -0.691 7.907e-01 
77.650 -0.691 7.907e-01 
77.700 -0.691 7.907e-01 
77.750 -0.691 7.907e-01 
77.800 -0.691 7.907e-01 
77.850 -0.691 7.907e-01 
77.900 -0.691 7.907e-01 
77.950 -0.691 7.907e-01 
78.000 -0.691 7.907e-01 
78.050 -0.691 7.907e-01 
78.100 -0.691 7.907e-01 
78.150 -0.691 7.907e-01 
78.200 -0.691 7.907e-01 
78.250 -0.691 7.907e-01 
78.300 -0.691 7.907e-01 
78.350 -0.691 7.907e-01 
78.400 -0.691 7.907e-01 
78.450 -0.691 7.907e-01 
78.500 -0.691 7.907e-01 
78.550 -0.691 7.907e-01 
78.600 -0.691 7.907e-01 
78.650 -0.691 7.907e-01 
78.700 -0.691 7.907e-01 
78.750 -0.691 7.907e-01 
78.800 -0.691 7.907e-01 
78.850 -0.691 7.907e-01 
78.900 -0.691 7.907e-01 
78.950 -0.691 7.907e-01 
79.000 -0.691 7.907e-01 
79.050 -0.691 7.907e-01 
79.100 -0.691 7.907e-01 
79.150 -0.691 7.907e-01 
79.200 -0.691 7.907e-01 
79.250 -0.691 7.907e-01 
79.300 -0.691 7.907e-01 
79.350 -0.691 7.907e-01 
79.400 -0.691 7.907e-01 
79.450 -0.691 7.907e-01 
79.500 -0.691 7.907e-01 
79.550 -0.691 7.907e-01 
79.600 -0.691 7.907e-01 
79.650 -0.691 7.907e-01 
79.700 -0.691 7.907e-01 
79.750 -0.691 7.907e-01 
79.800 -0.691 7.907e-01 
79.850 -0.691 7.907e-01 
79.900 -0.691 7.907e-01 
79.950 -0.691 7.907e-01 
80.000 -0.691 7.907e-01 
80.050 -0.691 7.907e-01 
80.100 -0.691 7.907e-01 
80.150 -0.691 7.907e-01 
80.200 -0.691 7.907e-01 
80.250 -0.691 7.907e-01 
80.300 -0.691 7.907e-01 
80.350 -0.691 7.907e-01 
80.400 -0.691 7.907e-01 
80.450 -0.691 7.907e-01 
80.500 -0.691 7.907e-01 
80.550 -0.691 7.907e-01 
80.600 -0.691 7.907e-01 
80.650 -0.691 7.907e-01 
80.700 -0.691 7.907e-01 
80.750 -0.691 7.907e-01 
80.800 -0.691 7.907e-01 
80.850 -0.691 7.907e-01 
80.900 -0.691 7.907e-01 
80.950 -0.691 7.907e-01 
81.000 -0.691 7.907e-01 
81.050 -0.691 7.907e-01 
81.100 -0.691 7.907e-01 
81.150 -0.691 7.907e-01 
81.200 -0.691 7.907e-01 
81.250 -0.691 7.907e-01 
81.300 -0.691 7.907e-01 
81.350 -0.691 7.907e-01 
81.400 -0.691 7.907e-01 
81.450 -0.691 7.907e-01 
81.500 -0.691 7.907e-01 
81.550 -0.691 7.907e-01 
81.600 -0.691 7.907e-01 
81.650 -0.691 7.907e-01 
81.700 -0.691 7.907e-01 
81.750 -0.691 7.907e-01 
81.800 -0.691 7.907e-01 
81.850 -0.691 7.907e-01 
81.900 -0.691 7.907e-01 
81.950 -0.691 7.907e-01 
82.000 -0.691 7.907e-01 
82.050 -0.691 7.907e-01 
82.100 -0.691 7.907e-01 
82.150 -0.691 7.907e-01 
82.200 -0.691 7.907e-01 
82.250 -0.691 7.907e-01 
82.300 -0.691 7.907e-01 
82.350 -0.691 7.907e-01 
82.400 -0.691 7.907e-01 
82.450 -0.691 7.907e-01 
82.500 -0.691 7.907e-01 
82.550 -0.691 7.907e-01 
82.600 -0.691 7.907e-01 
82.650 -0.691 7.907e-01 
82.700 -0.691 7.907e-01 
82.750 -0.691 7.907e-01 
82.800 -0.691 7.907e-01 
82.850 -0.691 7.907e-01 
82.900 -0.691 7.907e-01 
82.950 -0.691 7.907e-01 
83.000 -0.691 7.907e-01 
83.050 -0.691 7.907e-01 
83.100 -0.691 7.907e-01 
83.150 -0.691 7.907e-01 
83.200 -0.691 7.907e-01 
83.250 -0.691 7.907e-01 
83.300 -0.691 7.907e-01 
83.350 -0.691 7.907e-01 
83.400 -0.691 7.907e-01 
83.450 -0.691 7.907e-01 
83.500 -0.691 7.907e-01 
83.550 -0.691 7.907e-01 
83.600 -0.691 7.907e-01 
83.650 -0.691 7.907e-01 
83.700 -0.691 7.907e-01 
83.750 -0.691 7.907e-01 
83.800 -0.691 7.907e-01 
83.850 -0.691 7.907e-01 
83.900 -0.691 7.907e-01 
83.950 -0.691 7.907e-01 
84.000 -0.691 7.907e-01 
84.050 -0.691 7.907e-01 
84.100 -0.691 7.907e-01 
84.150 -0.691 7.907e-01 
84.200 -0.691 7.907e-01 
84.250 -0.691 7.907e-01 
84.300 -0.691 7.907e-01 
84.350 -0.691 7.907e-01 
84.400 -0.691 7.907e-01 
84.450 -0.691 7.907e-01 
84.500 -0.691 7.907e-01 
84.550 -0.691 7.907e-01 
84.600 -0.691 7.907e-01 
84.650 -0.691 7.907e-01 
84.700 -0.691 7.907e-01 
84.750 -0.691 7.907e-01 
84.800 -0.691 7.907e-01 
84.850 -0.691 7.907e-01 
84.900 -0.691 7.907e-01 
84.950 -0.691 7.907e-01 
85.000 -0.691 7.907e-01 
85.050 -0.691 7.907e-01 
85.100 -0.691 7.907e-01 
85.150 -0.691 7.907e-01 
85.200 -0.691 7.907e-01 
85.250 -0.691 7.907e-01 
85.300 -0.691 7.907e-01 
85.350 -0.691 7.907e-01 
85.400 -0.691 7.907e-01 
85.450 -0.691 7.907e-01 
85.500 -0.691 7.907e-01 
85.550 -0.691 7.907e-01 
85.600 -0.691 7.907e-01 
85.650 -0.691 7.907e-01 
85.700 -0.691 7.907e-01 
85.750 -0.691 7.907e-01 
85.800 -0.691 7.907e-01 
85.850 -0.691 7.907e-01 
85.900 -0.691 7.907e-01 
85.950 -0.691 7.907e-01 
86.000 -0.691 7.907e-01 
86.050 -0.691 7.907e-01 
86.100 -0.691 7.907e-01 
86.150 -0.691 7.907e-01 
86.200 -0.691 7.907e-01 
86.250 -0.691 7.907e-01 
86.300 -0.691 7.907e-01 
86.350 -0.691 7.907e-01 
86.400 -0.691 7.907e-01 
86.450 -0.691 7.907e-01 
86.500 -0.691 7.907e-01 
86.550 -0.691 7.907e-01 
86.600 -0.691 7.907e-01 
86.650 -0.691 7.907e-01 
86.700 -0.691 7.907e-01 
86.750 -0.691 7.907e-01 
86.800 -0.691 7.907e-01 
86.850 -0.691 7.907e-01 
86.900 -0.691 7.907e-01 
86.950 -0.691 7.907e-01 
87.000 -0.691 7.907e-01 
87.050 -0.691 7.907e-01 
87.100 -0.691 7.907e-01 
87.150 -0.691 7.907e-01 
87.200 -0.691 7.907e-01 
87.250 -0.691 7.907e-01 
87.300 -0.691 7.907e-01 
87.350 -0.691 7.907e-01 
87.400 -0.691 7.907e-01 
87.450 -0.691 7.907e-01 
87.500 -0.691 7.907e-01 
87.550 -0.691 7.907e-01 
87.600 -0.691 7.907e-01 
87.650 -0.691 7.907e-01 
87.700 -0.691 7.907e-01 
87.750 -0.691 7.907e-01 
87.800 -0.691 7.907e-01 
87.850 -0.691 7.907e-01 
87.900 -0.691 7.907e-01 
87.950 -0.691 7.907e-01 
88.000 -0.691 7.907e-01 
88.050 -0.691 7.907e-01 
88.100 -0.691 7.907e-01 
88.150 -0.691 7.907e-01 
88.200 -0.691 7.907e-01 
88.250 -0.691 7.907e-01 
88.300 -0.691 7.907e-01 
88.350 -0.691 7.907e-01 
88.400 -0.691 7.907e-01 
88.450 -0.691 7.907e-01 
88.500 -0.691 7.907e-01 
88.550 -0.691 7.907e-01 
88.600 -0.691 7.907e-01 
88.650 -0.691 7.907e-01 
88.700 -0.691 7.907e-01 
88.750 -0.691 7.907e-01 
88.800 -0.691 7.907e-01 
88.850 -0.691 7.907e-01 
88.900 -0.691 7.907e-01 
88.950 -0.691 7.907e-01 
89.000 -0.691 7.907e-01 
89.050 -0.691 7.907e-01 
89.100 -0.691 7.907e-01 
89.150 -0.691 7.907e-01 
89.200 -0.691 7.907e-01 
89.250 -0.691 7.907e-01 
89.300 -0.691 7.907e-01 
89.350 -0.691 7.907e-01 
89.400 -0.691 7.907e-01 
89.450 -0.691 7.907e-01 
89.500 -0.691 7.907e-01 
89.550 -0.691 7.907e-01 
89.600 -0.691 7.907e-01 
89.650 -0.691 7.907e-01 
89.700 -0.691 7.907e-01 
89.750 -0.691 7.907e-01 
89.800 -0.691 7.907e-01 
89.850 -0.691 7.907e-01 
89.900 -0.691 7.907e-01 
89.950 -0.691 7.907e-01 
90.000 -0.691 7.907e-01 
