!SWISSto12 MCK epsilon fit data
!name=Sample_Asphalt_58421AC8DS_19052022_1
!thickness[mm]=23.000
!freq eps tand
75.000 4.468 3.894e-02 
75.050 4.467 3.896e-02 
75.100 4.467 3.899e-02 
75.150 4.467 3.901e-02 
75.200 4.467 3.904e-02 
75.250 4.467 3.906e-02 
75.300 4.467 3.909e-02 
75.350 4.466 3.912e-02 
75.400 4.466 3.915e-02 
75.450 4.466 3.918e-02 
75.500 4.466 3.921e-02 
75.550 4.466 3.924e-02 
75.600 4.466 3.928e-02 
75.650 4.465 3.931e-02 
75.700 4.465 3.935e-02 
75.750 4.465 3.938e-02 
75.800 4.465 3.942e-02 
75.850 4.465 3.946e-02 
75.900 4.465 3.950e-02 
75.950 4.464 3.953e-02 
76.000 4.464 3.957e-02 
76.050 4.464 3.961e-02 
76.100 4.464 3.965e-02 
76.150 4.464 3.969e-02 
76.200 4.464 3.973e-02 
76.250 4.463 3.977e-02 
76.300 4.463 3.981e-02 
76.350 4.463 3.985e-02 
76.400 4.463 3.989e-02 
76.450 4.462 3.993e-02 
76.500 4.462 3.996e-02 
76.550 4.462 4.000e-02 
76.600 4.462 4.004e-02 
76.650 4.461 4.007e-02 
76.700 4.461 4.010e-02 
76.750 4.461 4.013e-02 
76.800 4.461 4.017e-02 
76.850 4.460 4.019e-02 
76.900 4.460 4.022e-02 
76.950 4.460 4.025e-02 
77.000 4.459 4.027e-02 
77.050 4.459 4.030e-02 
77.100 4.459 4.032e-02 
77.150 4.459 4.034e-02 
77.200 4.458 4.035e-02 
77.250 4.458 4.037e-02 
77.300 4.458 4.039e-02 
77.350 4.457 4.040e-02 
77.400 4.457 4.041e-02 
77.450 4.457 4.042e-02 
77.500 4.457 4.043e-02 
77.550 4.456 4.043e-02 
77.600 4.456 4.044e-02 
77.650 4.456 4.044e-02 
77.700 4.456 4.045e-02 
77.750 4.456 4.045e-02 
77.800 4.455 4.045e-02 
77.850 4.455 4.045e-02 
77.900 4.455 4.045e-02 
77.950 4.455 4.045e-02 
78.000 4.455 4.045e-02 
78.050 4.454 4.044e-02 
78.100 4.454 4.044e-02 
78.150 4.454 4.044e-02 
78.200 4.454 4.044e-02 
78.250 4.454 4.043e-02 
78.300 4.454 4.043e-02 
78.350 4.454 4.043e-02 
78.400 4.453 4.043e-02 
78.450 4.453 4.043e-02 
78.500 4.453 4.043e-02 
78.550 4.453 4.043e-02 
78.600 4.453 4.043e-02 
78.650 4.453 4.043e-02 
78.700 4.453 4.043e-02 
78.750 4.453 4.044e-02 
78.800 4.453 4.044e-02 
78.850 4.452 4.045e-02 
78.900 4.452 4.046e-02 
78.950 4.452 4.047e-02 
79.000 4.452 4.047e-02 
79.050 4.452 4.048e-02 
79.100 4.452 4.050e-02 
79.150 4.452 4.051e-02 
79.200 4.452 4.052e-02 
79.250 4.452 4.053e-02 
79.300 4.451 4.054e-02 
79.350 4.451 4.056e-02 
79.400 4.451 4.057e-02 
79.450 4.451 4.059e-02 
79.500 4.451 4.060e-02 
79.550 4.451 4.061e-02 
79.600 4.450 4.063e-02 
79.650 4.450 4.064e-02 
79.700 4.450 4.065e-02 
79.750 4.450 4.066e-02 
79.800 4.450 4.068e-02 
79.850 4.450 4.069e-02 
79.900 4.449 4.070e-02 
79.950 4.449 4.071e-02 
80.000 4.449 4.071e-02 
80.050 4.449 4.072e-02 
80.100 4.449 4.073e-02 
80.150 4.448 4.073e-02 
80.200 4.448 4.073e-02 
80.250 4.448 4.074e-02 
80.300 4.448 4.074e-02 
80.350 4.448 4.074e-02 
80.400 4.447 4.073e-02 
80.450 4.447 4.073e-02 
80.500 4.447 4.073e-02 
80.550 4.447 4.072e-02 
80.600 4.447 4.072e-02 
80.650 4.446 4.071e-02 
80.700 4.446 4.070e-02 
80.750 4.446 4.069e-02 
80.800 4.446 4.068e-02 
80.850 4.446 4.067e-02 
80.900 4.446 4.066e-02 
80.950 4.445 4.064e-02 
81.000 4.445 4.063e-02 
81.050 4.445 4.062e-02 
81.100 4.445 4.060e-02 
81.150 4.445 4.059e-02 
81.200 4.445 4.057e-02 
81.250 4.445 4.056e-02 
81.300 4.445 4.054e-02 
81.350 4.444 4.053e-02 
81.400 4.444 4.052e-02 
81.450 4.444 4.050e-02 
81.500 4.444 4.049e-02 
81.550 4.444 4.048e-02 
81.600 4.444 4.047e-02 
81.650 4.444 4.046e-02 
81.700 4.444 4.045e-02 
81.750 4.444 4.044e-02 
81.800 4.444 4.043e-02 
81.850 4.444 4.042e-02 
81.900 4.444 4.042e-02 
81.950 4.443 4.041e-02 
82.000 4.443 4.041e-02 
82.050 4.443 4.041e-02 
82.100 4.443 4.041e-02 
82.150 4.443 4.040e-02 
82.200 4.443 4.040e-02 
82.250 4.443 4.040e-02 
82.300 4.443 4.041e-02 
82.350 4.443 4.041e-02 
82.400 4.443 4.041e-02 
82.450 4.443 4.041e-02 
82.500 4.443 4.042e-02 
82.550 4.442 4.042e-02 
82.600 4.442 4.043e-02 
82.650 4.442 4.043e-02 
82.700 4.442 4.043e-02 
82.750 4.442 4.044e-02 
82.800 4.442 4.044e-02 
82.850 4.442 4.045e-02 
82.900 4.442 4.045e-02 
82.950 4.441 4.045e-02 
83.000 4.441 4.045e-02 
83.050 4.441 4.045e-02 
83.100 4.441 4.045e-02 
83.150 4.441 4.045e-02 
83.200 4.441 4.045e-02 
83.250 4.441 4.045e-02 
83.300 4.440 4.045e-02 
83.350 4.440 4.044e-02 
83.400 4.440 4.044e-02 
83.450 4.440 4.043e-02 
83.500 4.440 4.042e-02 
83.550 4.440 4.041e-02 
83.600 4.439 4.041e-02 
83.650 4.439 4.039e-02 
83.700 4.439 4.038e-02 
83.750 4.439 4.037e-02 
83.800 4.439 4.036e-02 
83.850 4.439 4.034e-02 
83.900 4.439 4.033e-02 
83.950 4.438 4.031e-02 
84.000 4.438 4.029e-02 
84.050 4.438 4.027e-02 
84.100 4.438 4.026e-02 
84.150 4.438 4.024e-02 
84.200 4.438 4.022e-02 
84.250 4.438 4.020e-02 
84.300 4.438 4.018e-02 
84.350 4.438 4.016e-02 
84.400 4.438 4.014e-02 
84.450 4.437 4.012e-02 
84.500 4.437 4.010e-02 
84.550 4.437 4.008e-02 
84.600 4.437 4.006e-02 
84.650 4.437 4.004e-02 
84.700 4.437 4.002e-02 
84.750 4.437 4.000e-02 
84.800 4.437 3.999e-02 
84.850 4.437 3.997e-02 
84.900 4.437 3.996e-02 
84.950 4.437 3.994e-02 
85.000 4.437 3.993e-02 
85.050 4.437 3.991e-02 
85.100 4.437 3.990e-02 
85.150 4.437 3.989e-02 
85.200 4.437 3.988e-02 
85.250 4.437 3.987e-02 
85.300 4.437 3.986e-02 
85.350 4.436 3.985e-02 
85.400 4.436 3.985e-02 
85.450 4.436 3.984e-02 
85.500 4.436 3.983e-02 
85.550 4.436 3.983e-02 
85.600 4.436 3.982e-02 
85.650 4.436 3.982e-02 
85.700 4.436 3.981e-02 
85.750 4.436 3.981e-02 
85.800 4.436 3.980e-02 
85.850 4.436 3.980e-02 
85.900 4.436 3.979e-02 
85.950 4.435 3.979e-02 
86.000 4.435 3.978e-02 
86.050 4.435 3.977e-02 
86.100 4.435 3.977e-02 
86.150 4.435 3.976e-02 
86.200 4.435 3.975e-02 
86.250 4.435 3.974e-02 
86.300 4.435 3.973e-02 
86.350 4.434 3.972e-02 
86.400 4.434 3.971e-02 
86.450 4.434 3.970e-02 
86.500 4.434 3.968e-02 
86.550 4.434 3.967e-02 
86.600 4.434 3.965e-02 
86.650 4.434 3.963e-02 
86.700 4.433 3.961e-02 
86.750 4.433 3.959e-02 
86.800 4.433 3.957e-02 
86.850 4.433 3.955e-02 
86.900 4.433 3.952e-02 
86.950 4.433 3.950e-02 
87.000 4.433 3.947e-02 
87.050 4.433 3.944e-02 
87.100 4.432 3.941e-02 
87.150 4.432 3.939e-02 
87.200 4.432 3.935e-02 
87.250 4.432 3.932e-02 
87.300 4.432 3.929e-02 
87.350 4.432 3.926e-02 
87.400 4.432 3.923e-02 
87.450 4.432 3.919e-02 
87.500 4.432 3.916e-02 
87.550 4.432 3.912e-02 
87.600 4.432 3.909e-02 
87.650 4.432 3.905e-02 
87.700 4.431 3.902e-02 
87.750 4.431 3.899e-02 
87.800 4.431 3.895e-02 
87.850 4.431 3.892e-02 
87.900 4.431 3.889e-02 
87.950 4.431 3.885e-02 
88.000 4.431 3.882e-02 
88.050 4.431 3.879e-02 
88.100 4.431 3.876e-02 
88.150 4.431 3.873e-02 
88.200 4.431 3.870e-02 
88.250 4.431 3.867e-02 
88.300 4.431 3.864e-02 
88.350 4.431 3.862e-02 
88.400 4.431 3.859e-02 
88.450 4.431 3.856e-02 
88.500 4.431 3.854e-02 
88.550 4.431 3.852e-02 
88.600 4.431 3.849e-02 
88.650 4.430 3.847e-02 
88.700 4.430 3.845e-02 
88.750 4.430 3.843e-02 
88.800 4.430 3.841e-02 
88.850 4.430 3.839e-02 
88.900 4.430 3.836e-02 
88.950 4.430 3.834e-02 
89.000 4.430 3.832e-02 
89.050 4.430 3.830e-02 
89.100 4.430 3.828e-02 
89.150 4.430 3.826e-02 
89.200 4.429 3.824e-02 
89.250 4.429 3.821e-02 
89.300 4.429 3.819e-02 
89.350 4.429 3.817e-02 
89.400 4.429 3.814e-02 
89.450 4.429 3.811e-02 
89.500 4.429 3.809e-02 
89.550 4.429 3.806e-02 
89.600 4.428 3.803e-02 
89.650 4.428 3.800e-02 
89.700 4.428 3.797e-02 
89.750 4.428 3.793e-02 
89.800 4.428 3.790e-02 
89.850 4.428 3.787e-02 
89.900 4.428 3.783e-02 
89.950 4.428 3.779e-02 
90.000 4.427 3.775e-02 
